-7.961310308341964515e-01 -5.493621212860932967e-01 2.537255238223449783e-01 0.000000000000000000e+00
6.039055203370572444e-01 -6.947138315421155230e-01 3.907311284892737158e-01 0.000000000000000000e+00
-3.838625078472493457e-02 4.642994205899000359e-01 8.848460565491464980e-01 0.000000000000000000e+00
0.000000000000000000e+00 0.000000000000000000e+00 0.000000000000000000e+00 1.000000000000000000e+00
