8.990597081983651151e-01 2.233774826953394410e-01 -3.765556284521104913e-01 0.000000000000000000e+00
-3.109567925281879475e-02 8.904637470880228944e-01 4.539904997395467490e-01 0.000000000000000000e+00
4.367203908979707672e-01 -3.964553131774763983e-01 8.075261511723770269e-01 0.000000000000000000e+00
0.000000000000000000e+00 0.000000000000000000e+00 0.000000000000000000e+00 1.000000000000000000e+00
