-8.276851825310040933e-01 -3.075326081346697049e-01 4.694261747628759585e-01 0.000000000000000000e+00
5.547788420001427134e-01 -5.744903083407763011e-01 6.018150231520482674e-01 0.000000000000000000e+00
8.460304419817972488e-02 7.585410869270085010e-01 6.461096999395640195e-01 0.000000000000000000e+00
0.000000000000000000e+00 0.000000000000000000e+00 0.000000000000000000e+00 1.000000000000000000e+00
