8.605424500880152205e-01 -6.665147985078843929e-02 5.049992790393027509e-01 0.000000000000000000e+00
4.328836315041714733e-01 6.182218954839705516e-01 -6.560590289905072758e-01 0.000000000000000000e+00
-2.684743063540277475e-01 7.831725660273772816e-01 5.608585192807693520e-01 0.000000000000000000e+00
0.000000000000000000e+00 0.000000000000000000e+00 0.000000000000000000e+00 1.000000000000000000e+00
