2.950849718747373951e-02 8.602387002944834604e-01 -5.090369604551272520e-01 0.000000000000000000e+00
-8.236391035463320742e-01 -2.676165673298173675e-01 -4.999999999999999445e-01 0.000000000000000000e+00
-5.663460741482467808e-01 4.340169943749475068e-01 7.006292692220368323e-01 0.000000000000000000e+00
0.000000000000000000e+00 0.000000000000000000e+00 0.000000000000000000e+00 1.000000000000000000e+00
