7.922532915204207882e-01 1.333708583932521341e-01 -5.954384403164666439e-01 0.000000000000000000e+00
-5.038302981000493119e-01 6.934629132905096860e-01 -5.150380749100541555e-01 0.000000000000000000e+00
3.442234053510522807e-01 7.080405369907052382e-01 6.165945549438780482e-01 0.000000000000000000e+00
0.000000000000000000e+00 0.000000000000000000e+00 0.000000000000000000e+00 1.000000000000000000e+00
